best_dropout: 0.4578745152499585
best_units: 72
mse: 0.14207547433743678
r2_score: -0.22904271078143146
