best_dropout: 0.34980905738306267
best_units: 32
mse: 0.13373238703849785
r2_score: -0.1568697289350347
