best_dropout: 0.26572362864842225
best_units: 78
mse: 0.1351625372021376
r2_score: -0.169241432370419
